111111111111111111111111111   
1            1              11
1 3 3 3     111       3    111
111111111   121     1111111111
1           111    11111111111
1 3 3 3 3         111111111111
1111111 333      1           1
1       3333   3             1
1     31111111111            1
1     3       1  1111        1
1 313331 3    1      1       1
111111111111  1       1      1
1             1        1     1
1    1111111111         1    1
1   1  1                 1   1
1  1   111111              3 1
13     1    1      3 3    1111
11     1    1     111111 1   1
1 1     3 3     11           1
1  1   11111 3               1
1   3  111111111          3  1
111111111111111111111111111111
