111111111111111111111111110000
111111111111111111111111100001
111111111111111111111111001101
111111111111111111111110011101
111111111111111111111000111101
111111111111111111100011111101
111111111111111111001111111101
111111111111111100011111111101
111111111111111001111111111101
111111111111110011111111111101
111111111111100111111111111101
111111111111001100000000000001
111111111100011101100000000001
111111111001111101110000000001
111111110011111101111000000001
111111100111111101111100000001
111110001111111101111110000001
111100111111111101111111000001
111001111111111101111111100001
100011111111111101111111110001
100320000000000001111111111001
111111111111111111111111111111