11111111111111111111111111    
1                            1
1   111  111111111  111111   1
1   1  2       11  122 1111  1
1   1111     11   1221 1111  1
1      1111111  112211 1111  1
1   12         1122111 1111  1
1   111 1 11111         111  1
1   1112111111  111  111111  1
1              11  2         1
1   11111111111111111111111111
1   1  1    1 22   1     21  1
1   1 1 1   1 1    1    211  1
1   11 2 1  1222   1   21 1  1
1   1 1 1   1       1 11  1  1
1   1   2   1  1          1  1
1   1 212   1  21  1  1   1  1
1   121 12  1 1111 1  21  1  1
1   11 2 12 1  2   1  221    1
1   1111111  11111  111111   1
1 3                          1
111111111111111111111111111111





