      3              3        
 3 3  11111111 111111111111 11
11111      1                  
1      3 3 1     3 3 3 3 3    
1     111111 1111111111111  1 
1    1                      1 
1  11           3 3 3 3 3     
1  1           11111111111    
1  1     1 1 1 1 1         11 
1          3     3 3 3 3 3    
11 1111111 1 1 1 11111111122  
11 1       1 1 1 11     22232 
1111       1 1 1 11    2211111
1111 3            1   221    1
222111111         1  221     1
222   1111        12221      1
111   1           123222     1
1  1    1         1111112    1
1       1               12   1
122    11                1   1
1 2   111                  3 1
111111111111111111111111111111


